15591261
15591261
15591261
15591261
15591261
15591261
15088033
15149523
15149523
15149523
15149523
13634968
13634968
12624386
19045700
19045700
15529040
12756496
12756496
13628825
13628825
13628825
13628825
13628825
14693997
19142914
20043944
14313145
19193555
19193555
19193555
19193555
19193555
12802553
12802553
18967569
18967569
18967569
18967569
18967569
19761425
19761425
19761425
16864144
12637667
12637667
20333663
20333663
20333663
18040970
18040970
16209315
16209315
17221902
17221902
17221902
17221902
17221902
19340438
19340438
12368844
12368844
14831641
14831641
20708817
19553912
18797297
18797297
18797297
18797297
18797297
18797297
12779073
12191099
12191099
12191099
12191099
12191099
15091367
17798651
14336131
20646683
20646683
18942240
18942240
18942240
18942240
18942240
11374240
11520755
20915572
15142510
18601596
18601596
18601596
18601596
15412102
15412102
14962361
14962361
14962361
20897668
20897668
20897668
20897668
20897668
20834210
18772437
20168144
20168144
17546689
17546689
14543891
14543891
14543891
14543891
20300477
13654083
19982051
12040308
12040308
12040308
12040308
12040308
15887860
15887860
12292623
18652825
18652825
19543858
18050874
19539077
20007993
13420204
19142913
19142913
19142913
19142913
13417146
15747375
19225326
19225326
15924373
15924373
15924373
15924373
15924373
13539175
13539175
13539175
13539175
16446267
16446267
11976972
11976972
11976972
11976972
13030918
13030918
15666452
15666452
18167519
15379731
15379731
15379731
15379731
15379731
15379731
12342069
20671682
20671682
20671682
20671682
20671682
20779753
20779753
20779753
20779753
20779753
12541762
18055072
18055072
18055072
18055072
18055072
17022591
17192605
17192605
17192605
